4
78 87
94 16
87 36
50 93
2
28 63
60 91
4
41 27
73 27
12 37
68 69
2
31 83
24 63
4
30 36
23 3
70 59
94 68
1
43 12
2
22 74
85 20
2
25 99
71 16
2
92 27
57 81
2
71 63
82 97
2
85 26
37 28
2
30 47
58 14
1
83 96
2
68 15
65 35
4
88 51
77 9
89 79
4 85
4
100 55
61 33
69 77
13 40
3
95 87
96 40
35 71
3
2 68
3 98
93 18
1
2 57
1
42 87
2
45 90
41 20
2
18 32
72 98
2
10 76
68 28
1
54 98
3
7 66
20 84
29 25
4
30 33
20 4
69 71
16 9
1
97 50
4
46 19
52 47
56 22
89 80
1
42 29
3
1 94
65 35
15 25
4
44 57
28 92
60 66
33 37
4
29 38
8 76
22 75
96 59
2
36 38
19 94
1
12 44
1
77 30
1
64 44
2
7 39
5 41
3
89 29
18 70
97 18
1
71 44
4
100 91
26 73
91 45
40 6
3
70 87
43 83
98 65
4
5 56
12 49
29 23
44 100
3
41 69
12 23
6 11
2
31 62
6 79
1
45 37
3
66 23
17 9
59 83
1
63 38
1
37 1
1
80 100
3
72 69
32 74
31 82
2
61 95
100 64
2
97 100
74 60
2
91 69
27 96
3
41 85
85 91
43 77
1
46 8
1
19 80
4
49 13
60 73
37 10
43 11
4
2 7
73 14
56 22
100 20
2
40 5
41 12
4
29 6
51 28
59 85
25 21
3
97 70
31 82
93 85
1
51 73
2
23 86
41 100
3
14 99
91 99
91 25
2
20 82
33 37
4
5 95
70 80
77 74
56 51
1
80 43
1
6 94
2
5 68
62 14
3
60 27
3 45
7 3
1
43 22
1
90 29
1
59 9
3
9 37
49 54
34 4
2
91 49
68 55
3
30 69
47 1
98 89
2
4 91
64 34
2
93 54
26 87
1
76 97
1
30 58
1
15 61
2
5 61
28 29
3
57 49
95 3
100 98
4
3 40
4 29
82 1
39 48
4
36 52
40 35
16 93
5 28
2
65 50
30 86
4
78 36
39 1
50 72
68 90
1
96 93
4
30 45
83 91
42 41
27 70
1
43 62
1
24 18
2
10 82
26 91
1
78 68
3
27 91
58 25
69 15
2
13 59
1 87
3
95 27
53 17
30 79
3
48 91
52 71
32 81
2
28 58
87 13
3
13 56
13 91
11 80
2
75 90
42 56
1
88 34
1
67 39
3
57 85
7 18
50 61
2
60 6
19 18
2
74 84
74 59
2
84 90
79 8
2
72 15
1 30
4
39 19
89 26
34 75
82 58
2
71 59
18 100
4
64 70
95 23
48 74
63 32
3
93 91
58 92
22 16
2
92 75
52 48
4
38 22
55 41
99 31
82 26
1
3 17
4
97 40
39 5
19 81
71 22
3
80 13
86 78
5 37
1
8 84
4
45 58
12 100
51 28
61 37
3
64 6
45 50
6 12
3
76 92
15 56
69 90
2
6 19
23 83
3
31 18
75 94
94 27
3
44 54
15 75
80 14
2
76 63
20 89
3
95 33
47 18
38 36
4
44 54
29 74
92 26
19 11
2
64 37
91 56
3
5 31
62 72
86 34
2
5 74
6 52
3
4 69
7 86
40 96
2
68 21
64 27
2
82 97
61 66
1
71 56
3
43 12
97 33
22 80
3
73 85
35 28
84 41
1
31 99
4
51 48
74 31
60 15
48 23
1
36 83
1
55 5
4
87 99
79 41
63 60
84 63
2
24 49
73 25
3
36 55
58 22
48 66
4
70 77
2 19
54 4
8 34
4
7 29
21 98
9 85
99 35
4
99 77
53 16
90 72
7 60
3
25 17
40 10
79 1
2
82 54
39 15
2
68 27
24 48
4
33 32
82 23
51 76
91 80
3
32 51
58 14
82 95
2
21 4
83 34
2
16 88
26 97
1
93 23
4
33 98
82 35
16 7
9 58
4
63 100
84 98
55 77
10 78
4
83 33
67 22
61 64
12 83
2
86 87
91 31
4
77 15
21 17
26 93
40 29
2
37 91
19 61
4
29 38
22 83
56 11
26 89
4
38 71
9 54
84 23
58 51
2
27 28
72 70
4
11 50
40 29
89 99
94 11
2
77 91
53 100
4
78 88
58 100
53 67
42 18
4
99 69
96 85
6 77
29 67
3
9 29
79 94
56 98
1
46 75
1
98 26
4
28 13
22 83
35 94
35 40
2
86 60
55 58
2
73 63
17 42
1
63 51
3
18 100
74 55
7 16
4
91 65
92 64
38 73
60 38
1
81 72
4
91 57
71 42
66 53
70 12
2
84 62
13 52
1
39 7
4
90 65
55 33
76 5
42 80
1
70 39
1
57 71
1
50 61
3
15 66
87 27
40 84
2
53 36
94 22
3
10 90
74 32
36 65
1
78 96
2
99 34
56 50
4
69 94
61 57
24 34
72 87
3
41 78
82 46
91 62
4
1 51
76 55
43 65
60 25
4
45 90
39 70
77 52
20 84
2
5 44
82 57
4
12 67
13 68
30 93
69 3
4
75 3
19 8
84 17
88 78
1
58 74
3
34 26
97 98
42 19
2
75 27
94 81
2
6 49
30 31
4
61 99
25 63
81 20
3 42
3
27 81
90 84
9 41
4
58 39
32 94
21 11
91 6
2
39 92
22 71
4
72 30
44 81
100 96
89 25
3
70 87
70 33
74 11
3
64 34
80 88
50 95
4
40 52
43 65
87 31
50 16
4
82 87
35 12
88 34
88 23
2
20 44
55 43
1
40 25
4
19 64
13 54
6 70
34 5
4
20 35
36 16
54 88
51 70
4
38 3
90 63
6 11
5 61
4
30 58
17 4
22 93
6 23
4
62 80
79 29
1 48
83 46
4
52 100
87 90
27 54
95 49
1
8 7
1
65 18
2
81 21
95 67
3
38 24
85 34
13 18
4
10 18
57 66
70 9
96 46
3
96 72
60 70
77 2
1
41 72
2
73 44
90 92
4
79 67
51 13
25 97
14 34
3
71 100
69 95
42 16
3
38 40
99 64
40 91
3
32 14
58 29
72 5
3
39 84
96 26
22 41
1
35 27
3
57 26
46 53
47 73
4
84 12
62 4
43 26
40 17
3
97 45
68 31
14 95
2
61 20
93 51
1
80 77
3
36 54
99 96
42 8
2
77 71
85 41
2
1 84
10 93
1
40 41
4
5 36
7 74
24 65
50 52
4
40 31
66 5
3 87
80 26
4
8 48
32 85
20 62
54 32
1
95 28
4
82 44
69 24
40 88
39 44
1
21 95
1
87 99
3
64 53
96 99
6 11
4
67 43
26 99
79 73
67 54
2
48 49
17 73
3
60 13
1 78
98 54
1
36 4
4
99 8
55 50
7 62
4 35
2
29 85
64 98
2
61 16
15 82
2
1 98
9 98
2
14 50
35 80
1
86 15
4
87 66
27 31
17 93
70 30
1
67 10
4
34 96
77 29
14 48
1 27
3
30 87
1 64
98 9
1
83 76
1
21 41
3
66 19
100 95
47 35
1
63 54
4
43 87
35 33
11 8
70 35
1
85 16
1
83 25
2
17 52
44 62
2
62 88
82 3
1
80 89
1
94 42
1
36 29
1
43 63
3
64 97
12 67
16 1
4
33 35
51 91
34 94
81 40
3
14 94
83 55
76 45
4
52 39
74 52
66 12
82 69
2
100 84
36 78
3
70 65
8 47
92 73
1
24 12
4
37 58
40 94
21 82
72 15
4
97 19
84 35
68 65
1 98
4
36 75
91 34
33 58
30 50
4
93 91
30 48
36 50
41 23
1
56 44
4
26 67
54 37
53 61
58 21
1
84 88
1
27 22
2
28 6
29 79
2
28 71
21 99
4
61 22
17 84
24 68
93 83
4
54 36
9 64
69 63
99 96
1
77 69
2
4 74
55 88
2
82 58
30 24
1
43 45
1
10 13
4
55 48
35 67
82 60
74 43
2
72 39
59 14
4
85 23
62 56
81 91
24 72
4
21 1
43 1
13 53
8 5
4
26 59
18 95
37 59
61 91
3
74 15
66 38
22 49
1
64 10
1
87 33
1
59 34
1
11 28
1
70 32
1
47 42
3
6 59
2 11
90 66
4
27 91
39 33
6 100
63 1
2
49 33
18 62
4
98 70
39 70
40 29
71 19
2
81 93
55 43
2
44 8
51 1
2
89 86
91 21
1
48 35
2
62 84
43 95
3
64 92
21 21
39 55
3
31 93
35 23
9 86
3
9 81
3 45
85 46
3
26 88
36 58
93 3
1
87 97
3
50 41
13 52
90 57
3
73 49
83 29
89 58
1
98 38
1
95 40
2
83 15
24 83
2
16 37
85 18
2
25 100
51 55
1
93 11
3
65 59
42 24
12 22
2
61 11
3 91
4
17 48
82 90
59 40
7 18
4
12 2
79 75
78 66
77 67
2
35 62
37 34
4
100 7
17 98
40 61
68 71
3
9 87
78 68
37 67
4
38 94
20 47
13 68
35 97
1
96 18
3
32 51
9 3
52 31
2
91 43
62 48
1
70 35
4
36 64
52 32
21 81
1 98
1
97 62
3
15 2
29 70
53 17
3
83 26
3 34
24 78
2
52 91
61 36
3
48 100
3 30
50 29
4
90 29
77 14
67 64
85 91
3
37 60
85 77
10 72
3
85 1
91 40
76 36
3
27 82
63 51
79 29
1
59 80
2
35 45
12 70
2
58 6
43 37
3
66 73
11 96
33 66
2
68 8
59 77
2
61 3
83 64
3
15 28
34 97
31 59
3
8 70
28 60
2 96
2
19 68
30 61
4
32 93
13 44
54 8
63 14
2
97 29
57 52
3
42 100
82 70
91 96
2
70 55
9 37
3
27 5
34 96
88 15
1
52 58
1
65 11
3
94 24
27 35
46 2
2
67 95
90 7
1
96 48
3
4 85
41 61
56 83
2
96 49
6 91
3
68 67
5 64
9 91
3
62 69
94 36
2 56
4
11 45
92 52
36 89
49 48
4
57 82
30 1
43 52
50 35
1
65 2
1
73 44
4
34 12
57 43
97 41
37 60
3
29 11
98 47
95 76
1
51 57
2
54 86
72 20
4
25 81
97 20
45 68
31 4
2
87 47
95 71
2
53 59
87 9
3
14 6
31 45
48 22
4
1 59
30 79
59 8
80 54
4
76 73
3 11
9 5
27 41
3
86 87
47 7
5 24
4
2 38
11 34
93 49
1 70
4
9 51
57 82
89 88
63 29
4
19 84
24 60
15 46
83 62
1
58 8
2
95 12
45 31
2
38 79
79 27
1
87 29
2
26 85
66 83
4
49 34
45 59
56 24
86 11
2
45 84
13 47
4
43 94
51 1
90 21
51 29
2
38 57
42 43
3
59 25
10 55
65 59
3
20 82
19 17
100 61
4
64 7
100 19
71 6
78 2
4
29 30
87 13
56 18
84 80
4
38 90
48 90
96 54
25 81
4
85 100
15 12
27 44
43 85
1
97 8
2
26 19
32 42
4
87 11
95 95
36 18
59 84
3
54 38
14 16
15 18
3
81 81
7 42
36 65
3
32 24
43 53
46 10
2
57 25
72 64
3
7 81
92 86
75 90
1
89 57
2
39 71
3 42
4
19 49
39 67
51 43
85 43
4
62 89
97 36
7 25
57 99
2
48 36
63 55
1
3 11
2
41 33
87 52
4
5 100
90 90
40 47
83 85
3
44 73
69 87
93 20
3
58 77
76 54
16 64
4
70 26
10 78
81 10
33 96
4
23 1
47 21
57 14
65 30
1
51 25
1
95 45
3
5 73
48 73
40 68
4
10 94
55 49
29 71
56 51
4
30 51
49 32
89 43
7 78
1
9 55
2
4 99
71 88
4
70 12
4 27
72 41
89 65
3
17 87
42 77
79 28
3
27 60
100 66
24 5
4
33 59
9 89
77 88
95 31
4
73 52
93 43
7 45
23 81
2
99 50
29 87
1
88 10
3
39 27
50 59
69 59
2
29 47
75 21
3
15 15
40 63
55 57
4
35 16
61 58
8 36
65 47
4
4 56
34 38
49 43
1 84
1
47 17
2
22 38
4 60
4
43 22
76 44
11 78
87 63
3
94 98
62 18
25 29
2
59 67
67 60
2
87 60
58 10
4
31 47
3 96
17 18
14 97
1
24 75
3
95 61
7 4
18 64
3
35 40
50 53
19 94
3
6 5
14 5
3 93
1
5 88
2
2 57
49 27
4
55 51
97 40
46 10
27 12
1
13 3
1
58 53
4
62 47
51 61
53 28
72 54
1
85 58
1
12 11
1
14 38
3
62 78
75 64
43 25
3
55 27
79 40
43 65
2
3 78
5 28
3
76 81
91 47
95 61
1
43 24
3
97 89
50 20
94 13
2
49 55
61 52
4
25 83
60 30
84 3
7 87
2
35 68
10 37
3
10 31
26 70
58 52
2
59 71
65 86
4
65 40
53 87
69 4
33 77
4
68 31
38 67
34 5
93 72
3
76 18
39 56
8 1
4
78 74
60 58
93 94
58 51
3
61 3
32 48
27 45
2
93 12
69 99
2
61 22
91 72
4
81 80
87 88
14 80
37 64
1
29 10
3
60 67
28 30
61 59
4
74 85
30 36
4 25
46 59
4
89 83
62 4
43 69
1 48
4
37 63
72 32
59 18
77 39
4
35 18
41 100
73 71
52 28
1
11 83
3
93 99
54 83
3 54
4
55 53
15 56
87 92
61 39
1
89 29
4
23 46
38 35
8 45
97 66
4
7 48
98 50
84 51
4 3
3
56 51
6 93
36 22
4
96 12
40 89
24 84
58 37
3
3 27
92 66
21 51
3
23 9
59 89
91 58
2
41 96
41 69
2
76 42
54 42
4
45 30
53 59
17 34
60 11
3
51 28
1 73
81 41
3
39 81
72 32
80 100
4
20 20
13 62
55 47
70 18
4
29 63
96 88
51 97
67 55
2
39 57
97 30
3
30 56
88 9
8 1
3
79 16
29 38
36 91
3
6 9
23 18
58 86
2
8 82
100 24
1
90 80
3
8 28
57 74
13 16
1
31 75
1
20 5
1
56 47
4
13 7
29 9
66 98
31 98
1
30 73
2
19 4
84 32
2
92 57
70 45
1
52 71
1
24 27
1
31 73
4
95 80
60 85
50 92
74 10
3
3 82
38 36
67 73
1
75 2
4
44 46
68 16
44 48
23 94
1
5 18
4
99 97
9 92
94 90
63 18
4
17 51
88 55
73 41
42 60
3
39 24
39 43
90 6
3
64 51
68 15
22 68
1
66 66
1
59 7
2
26 21
89 92
4
29 32
91 52
98 70
60 14
4
17 53
87 33
96 67
86 1
3
2 74
39 80
38 78
1
58 19
2
46 63
94 5
2
36 8
6 47
2
49 6
74 54
2
40 40
92 77
2
65 92
23 31
4
61 9
27 52
78 70
16 41
2
93 34
70 90
4
71 47
95 97
71 24
15 76
2
6 5
96 39
2
70 70
78 77
2
56 81
58 100
1
39 67
2
80 59
50 3
2
47 25
48 73
1
62 48
2
19 52
99 17
1
69 38
1
50 67
1
49 22
2
67 70
52 97
2
6 76
54 27
3
26 73
89 30
44 73
3
62 77
27 87
24 2
3
90 71
19 97
97 63
1
64 33
1
41 36
4
19 93
23 1
26 44
84 5
3
2 48
9 79
5 88
3
52 63
52 33
3 48
3
27 44
59 51
38 99
3
30 99
99 70
13 5
1
48 9
3
50 56
64 9
65 37
2
16 52
55 10
3
21 13
91 11
69 71
2
72 8
90 40
1
94 90
1
54 18
4
9 48
56 53
42 24
2 73
1
63 40
3
27 55
17 20
90 70
1
50 11
4
91 2
43 48
4 84
89 13
4
97 12
20 12
53 72
25 92
1
88 31
4
66 37
53 63
4 35
97 90
1
98 97
3
93 97
100 30
18 57
3
66 68
87 23
75 38
2
72 62
1 9
3
67 97
50 81
36 1
3
41 98
47 35
31 87
3
83 17
86 47
15 93
4
53 15
42 41
54 31
91 65
3
87 31
63 73
73 88
2
22 26
61 90
1
43 77
3
25 93
30 10
76 70
1
28 84
1
10 25
3
100 89
71 81
53 39
1
77 26
3
99 52
64 72
48 71
2
92 33
42 35
2
17 4
39 54
1
64 27
2
4 53
33 58
3
37 96
21 59
93 13
4
65 63
33 39
49 64
8 66
3
29 59
28 38
76 34
4
91 60
12 29
86 47
73 96
1
83 32
2
76 97
59 29
4
44 20
68 55
62 61
71 2
2
98 39
14 76
1
57 87
2
3 99
46 39
3
30 24
29 57
32 26
1
23 36
4
78 31
91 47
48 91
33 14
2
8 11
84 52
2
37 8
10 44
3
36 90
19 50
78 92
4
39 24
98 31
14 18
17 75
4
16 66
50 69
80 54
57 57
3
16 2
98 51
77 77
3
27 12
3 9
4 56
2
86 94
12 76
3
28 2
19 7
75 43
4
54 48
4 24
78 68
70 19
3
47 95
6 65
73 25
1
28 80
2
65 26
37 65
4
16 67
85 22
96 10
58 53
2
61 28
57 21
4
83 91
89 26
84 47
71 13
4
50 92
17 33
98 67
82 5
4
55 72
82 100
52 2
3 91
4
76 3
34 88
71 66
6 12
1
18 47
4
61 90
74 93
59 30
34 71
4
58 86
38 98
100 91
81 89
2
35 72
60 29
1
82 46
4
2 51
20 30
71 93
38 81
4
48 10
95 67
4 40
89 4
1
88 94
2
42 26
13 53
2
33 64
45 68
4
47 70
90 45
15 91
28 22
2
76 31
77 76
3
81 32
72 55
43 26
1
36 4
2
57 16
48 73
4
15 18
64 46
87 59
25 54
4
34 82
9 90
18 62
93 75
2
16 29
23 76
1
58 31
2
67 46
93 54
2
59 71
86 39
1
40 25
1
73 84
2
33 73
43 39
3
92 83
51 87
10 19
3
19 49
46 56
9 85
2
80 79
17 48
1
94 16
4
77 8
86 80
12 2
96 76
2
87 11
13 57
2
87 18
36 58
2
73 4
93 50
3
41 81
98 19
12 56
1
41 16
1
94 1
4
89 28
38 18
74 75
84 2
3
42 88
29 78
2 97
3
4 89
81 11
60 23
1
65 86
4
1 78
71 56
83 48
65 59
1
38 86
2
80 69
62 62
2
58 90
20 11
3
83 67
89 79
67 42
2
70 58
58 4
1
6 26
4
70 85
70 32
5 60
91 90
2
52 52
9 8
3
7 79
61 29
69 86
3
46 52
22 12
70 1
2
27 27
63 5
4
32 36
41 7
50 21
24 58
1
33 17
3
91 96
8 43
63 76
2
61 80
1 78
1
98 47
3
55 25
72 1
32 90
3
5 82
92 80
80 28
4
95 12
3 55
15 89
4 30
4
64 9
61 57
55 76
15 11
3
15 65
54 51
81 99
4
60 55
34 79
38 39
85 46
1
74 100
3
29 29
90 38
47 92
2
1 19
33 60
4
100 24
30 30
10 98
4 17
1
37 47
3
34 84
28 96
21 33
2
49 14
3 28
4
4 74
26 10
43 64
39 5
2
20 86
47 43
4
67 46
82 34
70 78
73 16
1
93 100
3
41 13
15 66
91 32
3
16 93
87 34
24 73
4
96 58
5 22
19 83
69 23
1
90 100
4
90 72
16 19
84 28
45 56
2
35 39
84 20
3
70 5
29 75
84 50
4
40 23
94 58
26 63
14 46
3
38 65
35 57
84 53
2
81 61
51 68
3
34 87
92 69
95 4
4
79 5
79 47
56 18
80 72
2
94 69
85 100
3
20 56
92 35
95 89
4
98 8
95 90
59 31
86 38
1
90 61
3
21 59
14 1
32 92
3
77 13
97 47
54 59
4
45 46
92 57
64 68
10 89
2
20 20
57 99
4
99 59
17 7
59 19
62 83
2
74 29
27 19
3
81 29
74 38
46 77
2
10 97
6 54
3
25 25
34 70
28 48
4
97 6
64 50
11 79
59 58
1
86 76
3
66 4
30 48
94 42
3
55 38
95 100
77 25
3
10 46
26 19
24 93
2
40 42
4 52
1
92 10
4
50 95
12 79
60 98
91 54
2
97 43
90 6
1
8 34
3
78 95
87 44
17 54
4
68 93
41 83
75 29
24 16
4
35 46
6 73
15 40
35 11
3
24 16
1 36
54 83
3
97 61
14 33
12 13
2
95 32
60 50
1
35 17
4
22 62
67 21
87 13
47 78
2
22 45
46 85
1
92 38
1
25 86
2
88 50
81 91
2
92 92
8 54
3
69 2
74 48
12 88
4
11 65
61 9
45 32
88 58
2
56 50
26 19
1
13 68
3
47 100
92 70
29 52
2
98 5
78 69
1
90 80
1
50 90
1
95 74
3
28 13
21 20
97 47
1
61 66
4
7 18
9 61
90 11
15 30
3
93 98
29 75
75 82
3
87 31
77 44
56 57
1
28 28
3
37 76
37 20
37 28
3
45 88
77 5
20 74
3
64 23
52 41
67 97
2
6 79
56 65
2
12 72
100 42
2
88 17
5 33
3
100 22
66 2
31 56
4
97 27
90 66
17 38
4 38
2
9 17
24 6
3
87 78
29 16
84 52
4
89 84
57 30
83 40
95 23
1
22 66
2
63 83
52 47
1
41 2
1
47 63
4
76 37
4 30
81 4
19 87
4
100 27
66 73
47 82
95 61
4
56 82
44 46
97 54
55 96
2
69 64
59 36
1
88 11
4
68 66
84 47
73 84
8 35
3
54 16
10 51
84 17
1
79 62
2
75 11
100 25
2
35 45
2 49
1
61 36
2
59 56
91 97
4
98 31
98 22
24 51
19 60
3
32 76
46 85
11 42
2
1 41
27 66
1
75 67
4
88 28
38 43
33 84
66 69
2
64 42
65 32
3
71 50
82 50
95 8
3
16 18
18 16
94 82
2
69 48
27 6
4
65 48
33 92
57 85
79 62
4
43 46
95 46
96 66
73 28
2
90 3
18 6
4
11 87
86 29
86 31
87 65
2
78 81
65 18
2
43 31
76 10
2
23 55
2 3
2
92 27
68 52
1
27 21
3
8 84
14 72
88 93
4
68 30
47 81
67 33
27 78
4
64 5
27 82
36 18
44 29
3
12 32
5 27
13 90
4
36 97
42 53
5 76
43 71
1
75 18
3
54 47
51 30
64 17
2
99 87
30 58
1
41 89
3
31 93
32 19
6 79
1
81 20
1
24 43
1
50 60
4
3 58
60 61
76 72
58 89
2
39 46
87 2
4
31 56
74 14
92 63
99 80
4
91 60
83 6
17 67
98 85
2
11 87
10 85
2
19 74
71 12
2
9 13
69 89
4
94 2
45 54
52 25
85 60
2
19 65
33 60
3
58 10
20 42
3 43
1
22 16
4
31 38
47 33
53 19
72 86
2
68 91
42 71
4
87 7
77 44
77 46
7 80
2
78 73
75 28
3
48 95
33 54
38 78
3
90 48
71 16
6 88
3
99 10
16 18
13 85
4
41 82
41 23
47 27
6 18
2
1 56
10 69
1
99 99
3
89 46
17 82
39 28
3
89 37
4 76
88 25
3
29 58
98 70
68 55
4
89 12
12 23
84 10
8 48
3
5 14
95 23
2 21
1
38 79
1
93 54
1
39 42
3
60 22
28 52
71 28
3
94 68
29 3
50 29
4
16 11
85 93
65 10
47 86
4
19 75
67 49
42 16
22 58
3
25 69
96 42
81 96
4
83 41
69 44
32 84
99 32
4
61 68
54 40
83 7
25 28
4
92 47
4 25
88 65
90 24
1
37 72
1
77 87
3
97 82
65 79
77 80
4
37 48
53 80
62 95
20 32
1
63 78
2
28 33
57 9
1
28 89
1
66 50
1
47 44
1
12 74
1
51 51
4
30 39
34 12
95 44
40 5
1
61 19
1
69 98
1
10 66
4
59 70
2 61
60 54
28 35
3
30 47
6 25
55 20
1
50 5
3
41 61
80 87
96 2
1
12 70
3
8 31
41 64
18 68
3
52 79
1 74
3 98
2
74 3
23 32
3
37 81
21 39
18 24
2
47 71
34 44
1
41 26
4
61 67
13 21
24 39
40 86
1
17 40
3
48 13
91 97
86 28
2
61 100
74 51
3
69 97
37 16
57 94
1
69 12
1
59 24
1
50 9
1
66 100
4
13 65
55 84
69 92
44 88
1
17 39
3
37 35
24 27
35 82
4
3 94
17 80
68 61
63 78
1
28 77
4
41 41
48 99
68 32
75 35
4
43 25
60 59
85 31
13 35
3
58 50
81 73
85 74
1
47 3
1
75 32
4
67 24
23 94
61 98
25 58
1
19 82
3
50 93
27 3
73 14
4
45 71
96 61
61 29
28 51
1
54 82
4
20 5
28 81
94 69
45 37
2
64 70
15 72
1
93 74
2
21 46
42 52
1
22 99
1
49 49
1
2 30
4
73 87
66 4
97 42
86 54
2
1 75
89 73
1
82 46
2
54 43
84 97
2
58 96
44 78
2
26 62
85 60
4
88 32
25 29
34 37
38 11
4
11 11
28 97
30 8
3 73
3
38 70
65 20
49 95
4
62 53
12 33
96 46
85 95
4
21 20
30 9
69 59
21 92
1
28 19
2
30 92
13 80
4
77 51
99 62
66 84
69 60
1
16 5
4
44 41
62 43
24 4
72 20
3
88 40
19 86
29 33
1
41 64
4
69 14
64 81
47 4
72 23
3
40 79
20 98
40 83
1
15 38
4
82 10
97 43
13 19
99 82
1
91 45
4
59 11
26 13
11 14
86 49
1
77 79
3
11 50
82 74
41 48
1
74 57
3
92 54
87 92
4 42
3
36 32
42 45
71 48
3
71 58
94 92
20 49
4
30 99
80 2
94 78
86 17
3
91 95
86 58
51 77
2
34 60
4 77
3
74 24
33 33
25 44
2
44 45
95 54
2
26 7
100 55
2
66 40
31 37
3
59 22
63 25
10 70
3
36 74
99 14
46 68
3
24 44
88 91
85 29
1
10 35
3
52 86
3 58
40 88
1
99 61
1
20 24
2
93 62
76 49
4
73 16
60 90
80 48
76 99
4
62 63
33 25
28 47
49 90
3
77 82
32 28
51 81
3
64 94
42 96
91 91
2
80 16
63 69
3
91 19
81 26
2 52
1
82 99
2
48 99
28 87
3
8 18
21 77
93 2
4
83 95
4 6
37 50
13 24
3
3 42
74 76
29 6
2
10 4
55 92
2
82 78
48 84
1
68 61
2
35 53
87 41
4
37 44
68 28
26 1
55 61
1
60 35
1
16 72
3
22 15
45 100
83 55
4
43 95
41 11
45 47
86 81
4
74 76
43 15
92 74
28 56
4
39 90
61 24
66 54
27 28
1
81 72
4
76 63
73 42
41 68
48 69
