200 100
2 46410
3 51870
4 77016
5 67788
6 57859
7 87290
9 5562
10 16423
11 25731
12 278
13 13351
14 38831
15 9744
17 29205
18 27676
19 35148
20 92065
21 75712
22 44783
23 53551
24 50228
25 18742
27 14309
28 10888
30 77239
31 28981
32 3212
34 55561
35 12030
36 13041
37 20941
39 67988
40 32293
41 13120
42 36496
45 52747
49 48978
50 92086
51 8565
52 9879
53 36320
54 45425
55 46506
56 22848
57 50030
58 24003
59 71841
61 19060
62 20029
63 36101
64 7914
65 88145
66 17961
68 72150
69 49804
70 95030
72 3104
75 77149
76 85297
77 22878
78 26721
79 22924
80 88819
81 91316
82 94192
83 81293
84 61063
85 41635
86 58882
88 12960
90 13288
92 41308
93 19519
95 5984
97 96205
98 48420
99 37021
100 54682
101 15307
102 77786
103 18804
104 8490
105 24697
106 13080
107 735
108 21569
109 62702
110 39810
113 57233
114 67098
116 19731
118 24945
121 61129
122 22615
123 5406
124 54571
126 98347
127 40899
128 64989
129 41152
131 75157
132 23844
133 9778
134 65258
135 26702
136 91658
137 3644
138 94644
139 10463
140 88447
141 85249
143 14000
144 35225
145 69642
146 73920
149 13708
150 92544
151 71747
152 71335
154 96514
155 66626
156 71272
157 57717
158 62301
160 13596
161 43178
164 1923
165 28282
167 75449
168 23865
169 39610
170 40544
172 83876
173 36811
175 20482
178 90063
179 87612
180 32952
181 7423
182 77709
183 79294
184 70314
185 76635
186 10944
187 6946
188 57179
189 95016
191 25572
192 8053
193 33286
194 34442
195 33981
197 4483
199 47066
200 75519
202 19073
203 43676
205 55534
206 39810
207 45013
208 1541
209 2080
210 54996
211 12236
213 84692
214 2290
215 95806
216 740
217 93456
218 10474
219 89493
220 77270
221 51157
222 43532
223 88469
225 4739
227 60134
228 6633
229 87746
231 2831
232 73316
233 67694
235 50127
236 17161
238 69177
239 44016
240 45837
241 17800
242 34162
243 57201
244 88128
245 83160
246 9570
247 38164
249 99644
250 95644
251 85674
253 92585
254 80696
255 93859
